7.443037 0.0000000 0.0000000 0.0000000 0.0000000 0.0000000 0.0000000 1.0000000 7.450980 -4.461933 0.936173 -0.034064 0.005004 -0.006239 0.701046 -0.713071
7.743429 -0.0148580 -0.0135229 -0.0096991 -0.0004181 -0.0020505 0.0016279 0.9999965 7.745098 -4.462051 0.936226 -0.034149 0.004432 -0.004907 0.701033 -0.713098
7.843559 -0.0196821 -0.0180985 -0.0108271 -0.0012186 -0.0031316 0.0030304 0.9999897 7.843137 -4.462049 0.936219 -0.034119 0.004491 -0.004853 0.70095 -0.71318
8.511096 -0.0448879 -0.0434703 -0.0060392 0.0060074 0.0003246 0.0075327 0.9999535 8.509804 -4.462078 0.936235 -0.034224 0.004551 -0.004936 0.700938 -0.71319
9.612532 -0.0376181 -0.1279980 -0.0142160 0.0056538 0.0033747 0.0001892 0.9999783 9.607843 -4.462059 0.936291 -0.034287 0.004494 -0.005615 0.701354 -0.712777
10.213320 -0.0409621 -0.1887496 -0.0215008 0.0021109 0.0056107 0.0024730 0.9999790 10.215686 -4.462114 0.936211 -0.034224 0.004667 -0.005144 0.70104 -0.713088
10.613840 -0.0407316 -0.2176136 -0.0209511 0.0023019 0.0059274 0.0018853 0.9999780 10.607843 -4.462009 0.936208 -0.03422 0.004485 -0.004846 0.700915 -0.713215
11.114490 -0.0414286 -0.2610674 -0.0142884 0.0044656 0.0069449 0.0019477 0.9999640 11.117647 -4.461927 0.936157 -0.034171 0.005236 -0.006416 0.700981 -0.713132
12.683200 -0.0197725 -0.3720496 -0.0169775 0.0189865 0.0051487 0.0442041 0.9988288 12.686275 -4.47537 0.942571 -0.066535 -0.102909 0.016183 0.720232 -0.685867
13.484250 0.1468011 -0.4228582 -0.0509396 0.0049657 0.0126147 0.0130406 0.9998230 13.490196 -4.482348 0.974449 -0.088462 -0.105045 0.104321 0.750886 -0.643624
13.818020 0.2405757 -0.4531085 -0.0684755 0.0112603 0.0157691 0.0081617 0.9997789 13.823529 -4.502806 0.98278 -0.103691 -0.08057 0.09751 0.754551 -0.643936
13.951520 0.2795501 -0.4646721 -0.0752536 0.0154279 0.0158503 0.0096357 0.9997089 13.960784 -4.513596 0.984947 -0.111407 -0.046613 0.094369 0.750996 -0.651864
14.251910 0.3621663 -0.4937303 -0.0974651 0.0243314 0.0158667 0.0062850 0.9995583 14.254902 -4.524675 0.985002 -0.126531 -0.028097 0.088632 0.733885 -0.672881
14.785940 0.5059775 -0.5586272 -0.1616520 0.0112295 0.0110374 0.0044454 0.9998661 14.784314 -4.504866 0.982955 -0.139081 -0.203069 0.087115 0.742727 -0.632085
14.952830 0.5466425 -0.5759590 -0.1827071 -0.0039356 0.0103643 0.0051127 0.9999255 14.960784 -4.500923 0.985876 -0.152071 -0.235256 0.096023 0.735395 -0.628194
15.153090 0.5940754 -0.6070279 -0.2056709 -0.0057864 0.0089599 0.0072263 0.9999170 15.156863 -4.569829 1.028948 -0.307627 -0.103817 0.025409 0.715977 -0.689894
15.553610 0.6836970 -0.6231465 -0.2368770 0.0050424 0.0077711 -0.0049163 0.9999450 15.549020 -4.550993 1.039867 -0.364985 -0.248725 0.176656 0.715516 -0.628463
15.753870 0.7144014 -0.6322964 -0.2410092 -0.0288829 0.0068929 -0.0421721 0.9986690 15.745098 -4.540852 1.057975 -0.393978 -0.344766 0.128179 0.703741 -0.607828
15.987510 0.7354919 -0.6349479 -0.2301393 -0.0485461 0.0067629 -0.0325994 0.9982659 15.980392 -4.54583 1.059597 -0.413301 -0.368059 0.111248 0.69729 -0.604933
16.621670 0.7706066 -0.6544328 -0.1194633 0.0085544 0.0095887 0.0115226 0.9998510 16.627451 -4.54846 1.057595 -0.458815 -0.403027 0.079257 0.676639 -0.611103
16.855310 0.7914408 -0.6643601 -0.0723670 -0.0054705 0.0038652 -0.0157989 0.9998528 16.862745 -4.54936 1.054605 -0.479281 -0.411891 0.07032 0.669137 -0.614538
17.088950 0.8083430 -0.6769032 -0.0248994 -0.0058383 -0.0013760 -0.0186016 0.9998090 17.098039 -4.550472 1.051509 -0.501803 -0.41977 0.063306 0.662826 -0.616804
17.322580 0.8117803 -0.6928130 0.0188747 0.0249669 -0.0025196 -0.0139650 0.9995875 17.313725 -4.551438 1.049516 -0.524199 -0.427082 0.057848 0.657815 -0.617684
17.556220 0.8114275 -0.7010748 0.0543375 0.0395737 -0.0049841 -0.0087101 0.9991663 17.549020 -4.55205 1.048544 -0.544984 -0.432994 0.057422 0.655009 -0.61659
19.158310 0.8195678 -0.6556867 0.1696421 0.0442659 0.0102156 -0.0238006 0.9986840 19.156863 -4.377918 1.054309 -0.861133 0.15604 -0.146103 0.83608 -0.505248
19.425330 0.8060183 -0.6516093 0.1860194 0.0348424 0.0195411 -0.0551119 0.9976807 19.431373 -4.288395 1.057537 -0.888209 0.244999 -0.181097 0.890711 -0.337363
19.692340 0.7591147 -0.6539467 0.1839097 0.0113896 0.0234933 -0.0564989 0.9980612 19.686275 -4.021924 1.058381 -0.980891 -0.006113 0.002353 0.708135 -0.706047
20.226370 0.6351649 -0.6513673 0.1721048 0.0047719 0.0131679 0.0558238 0.9983424 20.235294 -3.728255 1.095163 -1.087994 -0.023612 -0.002468 0.705693 -0.70812
21.561440 0.4466645 -0.4491696 0.1440837 0.0046877 -0.1688231 -0.0166643 0.9854943 21.568627 -3.168784 1.254581 -1.242613 -0.786348 0.43536 0.180917 -0.399233
22.095470 0.3129642 -0.3894212 0.1457106 0.0065149 -0.2377844 0.0022272 0.9712936 22.098039 -3.09721 1.132474 -1.331554 -0.001213 0.027693 0.711922 -0.701711
22.395870 0.2496339 -0.3783406 0.1567962 0.0110753 -0.2538877 -0.0099878 0.9671187 22.392157 -3.078018 1.015135 -1.352805 -0.00595 0.011387 0.714073 -0.699953
22.863140 0.1641516 -0.3835276 0.1799504 0.0123719 -0.2887897 0.0058543 0.9572947 22.862745 -3.027674 0.831339 -1.39302 0.025488 -0.005812 0.719941 -0.693542
23.463920 0.0967899 -0.3481128 0.1765893 0.0271555 -0.3628689 0.0074180 0.9314149 23.470588 -3.055488 0.645158 -1.434692 -0.014201 -0.028131 0.723919 -0.689165
24.031330 0.0819087 -0.3760133 0.1450653 0.0213078 -0.4425125 0.0077005 0.8964761 24.039216 -3.101267 0.645792 -1.397473 0.020161 0.032783 0.723739 -0.689
24.331720 0.0771878 -0.4094836 0.1249742 -0.0063123 -0.4700014 -0.0316522 0.8820754 24.333333 -3.101103 0.620856 -1.37935 0.015862 0.040741 0.720969 -0.691586
24.965880 -0.0081786 -0.4732930 0.1212905 -0.0213563 -0.4834553 0.0126862 0.8750165 24.960784 -3.05693 0.448653 -1.353323 0.001646 -0.046079 0.70342 -0.709278
25.266270 -0.0492365 -0.4977272 0.1554151 0.0305741 -0.4835903 0.0709687 0.8718768 25.274510 -3.088193 0.425014 -1.344343 0.021471 -0.064505 0.705191 -0.705751
25.566670 -0.0663638 -0.5214104 0.2033989 0.0037216 -0.4888183 -0.0160096 0.8722308 25.568627 -3.197128 0.451736 -1.338487 0.025968 -0.033143 0.703358 -0.709588
25.867060 -0.0762435 -0.5572011 0.2546226 -0.0056127 -0.4905026 -0.0452100 0.8702481 25.862745 -3.317 0.507183 -1.334952 0.002289 0.012676 0.762047 -0.647393
27.202130 -0.1716449 -0.6182048 0.4724285 -0.0113397 -0.4974350 -0.0522965 0.8658493 27.196078 -3.655123 0.571597 -0.997241 0.044287 -0.05159 0.817649 -0.571688
27.469150 -0.1830964 -0.6203915 0.5072512 -0.0035963 -0.5004769 -0.0509461 0.8642421 27.470588 -3.801344 0.616697 -0.930019 0.033371 -0.000406 0.846809 -0.530849
27.736160 -0.2239897 -0.6185493 0.5357741 0.0023842 -0.5019673 -0.0234471 0.8645654 27.745098 -3.853331 0.652748 -0.872647 0.03504 0.013399 0.860709 -0.507713
28.670710 -0.3314860 -0.5330511 0.5206618 0.0280630 -0.5965748 -0.0004636 0.8020665 28.666667 -4.212994 0.628476 -0.836624 0.016982 -0.007316 0.882862 -0.469268
29.004480 -0.3285523 -0.5002217 0.4735287 0.0169475 -0.6351398 -0.0047433 0.7721967 29.000000 -4.348138 0.613152 -0.804624 -0.024429 -0.020311 0.904603 -0.425069
29.304870 -0.3214194 -0.4789746 0.4160871 0.0381560 -0.6531482 -0.0412792 0.7551407 29.313725 -4.351361 0.636615 -0.773483 0.082644 -0.013117 0.92593 -0.368309
29.605260 -0.3192903 -0.4737319 0.3323729 0.0382033 -0.6901790 -0.0315173 0.7219419 29.607843 -4.412103 0.683909 -0.77931 -0.01899 0.008993 0.946126 -0.323116
30.439690 -0.3419082 -0.4757548 0.0930914 0.0296203 -0.7165207 -0.0129042 0.6968172 30.431373 -4.42466 0.764221 -0.938386 0.059503 -0.013618 0.963923 -0.259088
30.740080 -0.3415579 -0.4772480 0.0129106 0.0199802 -0.7350231 -0.0079040 0.6777015 30.745098 -4.540967 0.771968 -0.989381 0.024866 0.019217 0.96516 -0.259765
30.973720 -0.3371355 -0.4819210 -0.0516411 0.0155050 -0.7582468 -0.0056311 0.6517589 30.980392 -4.630858 0.742615 -1.029114 -0.043497 0.043124 0.963806 -0.259475
31.207350 -0.3298496 -0.4876931 -0.1095657 0.0091776 -0.8001614 0.0170194 0.5994730 31.215686 -4.641317 0.705642 -1.056248 -0.083553 0.073047 0.934691 -0.337691
31.474370 -0.3180131 -0.4985891 -0.1678997 0.0103295 -0.8437642 0.0284161 0.5358617 31.470588 -4.636626 0.622642 -1.097754 -0.129381 0.218829 0.855038 -0.451979
31.674630 -0.3090636 -0.5045806 -0.1886761 -0.0266324 -0.8573803 0.0391199 0.5125030 31.666667 -4.644467 0.581571 -1.121806 -0.153553 0.269842 0.819727 -0.481305
32.408920 -0.2712371 -0.5241625 -0.1947721 -0.0229146 0.8754234 0.0147109 -0.4825892 32.411765 -4.758412 0.478291 -1.187357 -0.144119 0.301306 0.778734 -0.531053
32.942950 -0.2444814 -0.5301186 -0.1730658 0.0025872 0.9228092 -0.0462836 -0.3824582 32.941176 -4.955269 0.272771 -1.278593 0.003983 0.007943 0.995766 -0.091498
33.176590 -0.2335457 -0.5311378 -0.1325258 -0.0000812 0.9429684 -0.0295073 -0.3315718 33.176471 -4.953254 0.191302 -1.283005 0.027263 0.27654 0.945079 -0.17207
33.410230 -0.2194139 -0.5283309 -0.0904296 -0.0282769 0.9565406 0.0248532 -0.2891586 33.411765 -4.988773 0.125611 -1.26897 0.194498 0.375075 0.849449 -0.316111
34.578420 -0.0743779 -0.5336038 -0.0678075 0.0054410 0.9988318 -0.0069152 -0.0475146 34.568627 -5.118709 0.118405 -1.15481 0.057531 -0.277029 0.905476 -0.316321
35.145820 -0.0322878 -0.5412884 -0.0628996 0.0158235 0.9926272 -0.0465292 0.1107965 35.137255 -5.218534 0.265683 -1.007965 0.020216 -0.103598 0.994404 -0.004344
35.512970 -0.0380518 -0.5470213 -0.0004170 -0.0006660 0.9839706 -0.0265732 0.1763388 35.509804 -5.169624 0.446065 -0.991979 0.008997 -0.050428 0.992021 0.115201
35.946870 -0.0499611 -0.5480351 0.1249290 -0.0127959 0.9651932 -0.0051928 0.2611732 35.941176 -5.142509 0.560983 -0.996354 0.001559 -0.045095 0.978424 0.20162
36.147130 -0.0526935 -0.5493007 0.1902452 -0.0068406 0.9511396 -0.0070304 0.3086053 36.156863 -5.137453 0.61701 -1.000056 -0.01182 -0.044622 0.974584 0.219217
36.347390 -0.0550377 -0.5482141 0.2579450 0.0002418 0.9362526 -0.0063585 0.3512699 36.352941 -5.130911 0.674546 -1.003592 -0.011201 -0.038746 0.970971 0.235771
36.547650 -0.0586953 -0.5521471 0.3255084 0.0050108 0.9180902 0.0022271 0.3963335 36.549020 -5.13579 1.058605 -1.008759 0.000294 -0.014115 0.998408 0.054608
36.714530 -0.0651307 -0.5480661 0.3780367 0.0053939 0.8995004 0.0097019 0.4367789 36.705882 -5.120872 1.138321 -1.014903 0.001635 -0.013258 0.996707 0.07998
37.048300 -0.0788434 -0.5489502 0.4730663 0.0020882 0.8612151 0.0206856 0.5078153 37.039216 -5.084942 1.302958 -1.033266 -0.009201 0.009605 0.984746 0.173491
37.215190 -0.0840794 -0.5491293 0.5150763 0.0016843 0.8358135 0.0179986 0.5487158 37.215686 -5.055183 1.319941 -1.039051 -0.01959 0.01856 0.969927 0.241895
37.382070 -0.0887494 -0.5522130 0.5497597 -0.0081771 0.8006223 0.0173565 0.5988621 37.372549 -5.03631 1.341004 -1.046156 -0.014527 0.030829 0.958603 0.282699
37.715840 -0.0874351 -0.5560479 0.6142836 -0.0072947 0.7202726 0.0034243 0.6936443 37.725490 -4.996709 1.426875 -1.081428 -0.002335 0.029819 0.960153 0.277872
37.882720 -0.0842739 -0.5583872 0.6479847 -0.0230444 0.6986033 -0.0201630 0.7148537 37.882353 -4.986427 1.415495 -1.088873 -0.008524 0.006559 0.958837 0.283752
38.049610 -0.0819069 -0.5626201 0.6863615 -0.0226834 0.6857076 -0.0244611 0.7271122 38.058824 -4.982897 1.401379 -1.082489 -0.082527 0.084369 0.925068 0.361
38.216490 -0.0805858 -0.5625474 0.7328125 -0.0169217 0.6776398 -0.0294452 0.7346093 38.215686 -4.967628 1.420153 -1.090947 -0.105816 0.058144 0.912485 0.390888
38.383380 -0.0858969 -0.5648625 0.7826763 -0.0027074 0.6755221 -0.0245960 0.7369244 38.392157 -4.935936 1.41377 -1.108901 0.009961 0.014978 0.944269 0.328683
38.550260 -0.0955537 -0.5581279 0.8421742 0.0134487 0.6740395 -0.0264901 0.7380977 38.549020 -4.92312 1.407954 -1.113748 0.001989 0.039284 0.931689 0.361122
38.750520 -0.1098344 -0.5615866 0.9228214 -0.0120269 0.6779118 -0.0146710 0.7348984 38.745098 -4.914712 1.371344 -1.116218 -0.020241 0.046802 0.914655 0.401007
39.117670 -0.1595031 -0.5554009 1.0633430 0.0517676 0.6802003 -0.0021156 0.7311930 39.117647 -4.899524 1.273021 -1.119472 -0.005215 0.01447 0.875653 0.482696
39.718450 -0.2901952 -0.5183813 1.1707320 0.0264570 0.6767777 0.0296115 0.7351158 39.725490 -4.856027 1.106327 -1.123839 -0.029534 -0.063977 0.789908 0.609164
40.018840 -0.3602662 -0.5004560 1.1605289 0.0164579 0.6830291 -0.0053545 0.7301862 40.019608 -4.730738 1.094074 -1.12056 0.009297 -0.014068 0.798795 0.601367
40.252480 -0.4162581 -0.4833616 1.1452672 0.0287995 0.6865872 -0.0141453 0.7263391 40.254902 -4.665703 1.116312 -1.121817 0.007624 0.003664 0.753881 0.656956
40.486120 -0.4787958 -0.4630094 1.1274334 0.0301789 0.6919697 -0.0045942 0.7212809 40.490196 -4.613119 1.132872 -1.126165 0.001824 0.017213 0.703383 0.7106
40.719760 -0.5467362 -0.4405576 1.1063666 0.0215352 0.6972716 0.0102050 0.7164108 40.725490 -4.620125 1.116571 -1.126348 0.003897 0.022779 0.675016 0.737441
40.986770 -0.6233342 -0.4217794 1.0803177 0.0126943 0.6942967 0.0161602 0.7193955 40.980392 -4.63286 1.081193 -1.12938 -0.014457 0.04705 0.617709 0.784865
41.220410 -0.6882020 -0.4117915 1.0483165 0.0140156 0.6938419 0.0229885 0.7196239 41.215686 -4.58064 1.027865 -1.145116 -0.023103 0.036834 0.548176 0.835232
41.454050 -0.7417160 -0.3987769 1.0404043 -0.0012391 0.6822065 0.0305556 0.7305198 41.450980 -4.597741 0.971913 -1.149923 0.016759 -0.010748 0.572396 0.819735
41.654310 -0.7331328 -0.3985449 1.0106428 -0.0079853 0.6760979 0.0265429 0.7362903 41.647059 -4.640021 0.814667 -1.145714 -0.052784 0.030321 0.445248 0.893336
42.021450 -0.7283566 -0.3984756 0.9954012 0.0512646 0.7094676 0.0099687 0.7028003 42.019608 -4.66265 0.627911 -1.137581 -0.021275 -0.020196 0.141597 0.98949
42.321840 -0.7169427 -0.3412186 0.9770764 -0.0085703 0.7396948 0.0875530 0.6671675 42.313725 -4.69382 0.480899 -1.140734 -0.00533 0.009639 0.243065 0.969948
42.588860 -0.7232581 -0.2486626 0.9595981 0.0366931 0.7493299 0.0101811 0.6611012 42.588235 -4.750967 0.336108 -1.13781 -0.026644 0.025146 -0.018085 0.999165
42.855870 -0.7180935 -0.1091737 0.9402536 0.0488779 0.8021931 -0.0369912 0.5939098 42.862745 -4.793214 0.25532 -1.134185 -0.027446 0.010928 -0.134695 0.990447
43.056130 -0.7502106 -0.0075140 0.9332269 0.0291688 0.8486241 -0.0331814 0.5271483 43.058824 -4.818794 0.207228 -1.134964 -0.025781 0.007825 -0.193479 0.980735
44.624850 -0.7173550 0.0273933 0.8646988 -0.0018769 0.8378819 0.0068363 0.5458055 44.627451 -4.939466 -0.608041 -1.144512 -0.731624 -0.165534 0.031354 0.660562
48.196170 -0.7182925 0.0266115 0.8640991 -0.0017265 0.8378576 0.0073774 0.5458362 48.196078 -5.609735 -0.628661 -0.908069 -0.464266 0.243736 -0.689971 -0.498989
